+--------------------------------------------+
| NP.MINIMUM( 8 * EDT(255 - WORLD_MAP), 255) |
+--------------------------------------------+

181.019 175.454 170.082 164.924 160.    155.332 150.944 146.86  143.108 139.714 136.704 134.104 131.939 130.231 128.996 128.25  128. 128. 128. 128. 128. 128.25  128.996 130.231 131.939 134.104 136.704 139.714 143.108 146.86  150.944 155.332 160.    164.924 170.082 175.454 181.019
175.454 169.706 164.146 158.795 153.675 148.809 144.222 139.943 136.    132.424 129.244 126.491 124.193 122.376 121.062 120.266 120. 120. 120. 120. 120. 120.266 121.062 122.376 124.193 126.491 129.244 132.424 136.    139.943 144.222 148.809 153.675 158.795 164.146 169.706 175.454
170.082 164.146 158.392 152.84  147.513 142.436 137.637 133.147 128.996 125.22  121.852 118.929 116.482 114.543 113.137 112.285 112. 112. 112. 112. 112. 112.285 113.137 114.543 116.482 118.929 121.852 125.22  128.996 133.147 137.637 142.436 147.513 152.84  158.392 164.146 170.082
164.924 158.795 152.84  147.078 141.534 136.235 131.21  126.491 122.115 118.119 114.543 111.427 108.812 106.733 105.224 104.307 104. 104. 104. 104. 104. 104.307 105.224 106.733 108.812 111.427 114.543 118.119 122.115 126.491 131.21  136.235 141.534 147.078 152.84  158.795 164.924
160.    153.675 147.513 141.534 135.765 130.231 124.964 120.    115.378 111.14  107.331 104.    101.193  98.955  97.324  96.333  96.  96.  96.  96.  96.  96.333  97.324  98.955 101.193 104.    107.331 111.14  115.378 120.    124.964 130.231 135.765 141.534 147.513 153.675 160.
155.332 148.809 142.436 136.235 130.231 124.451 118.929 113.701 108.812 104.307 100.24   96.664  93.638  91.214  89.443  88.363  88.  88.  88.  88.  88.  88.363  89.443  91.214  93.638  96.664 100.24  104.307 108.812 113.701 118.929 124.451 130.231 136.235 142.436 148.809 155.332
150.944 144.222 137.637 131.21  124.964 118.929 113.137 107.629 102.45   97.652  93.295  89.443  86.163  83.522  81.584  80.399  80.  80.  80.  80.  80.  80.399  81.584  83.522  86.163  89.443  93.295  97.652 102.45  107.629 113.137 118.929 124.964 131.21  137.637 144.222 150.944
146.86  139.943 133.147 126.491 120.    113.701 107.629 101.823  96.333  91.214  86.533  82.365  78.791  75.895  73.756  72.443  72.  72.  72.  72.  72.  72.443  73.756  75.895  78.791  82.365  86.533  91.214  96.333 101.823 107.629 113.701 120.    126.491 133.147 139.943 146.86
143.108 136.    128.996 122.115 115.378 108.812 102.45   96.333  90.51   85.041  80.     75.472  71.554  68.352  65.97   64.498  64.  64.  64.  64.  64.  64.498  65.97   68.352  71.554  75.472  80.     85.041  90.51   96.333 102.45  108.812 115.378 122.115 128.996 136.    143.108
139.714 132.424 125.22  118.119 111.14  104.307  97.652  91.214  85.041  79.196  73.756  68.819  64.498  60.926  58.241  56.569  56.  56.  56.  56.  56.  56.569  58.241  60.926  64.498  68.819  73.756  79.196  85.041  91.214  97.652 104.307 111.14  118.119 125.22  132.424 139.714
136.704 129.244 121.852 114.543 107.331 100.24   93.295  86.533  80.     73.756  67.882  62.482  57.689  53.666  50.596  48.662  48.  48.  48.  48.  48.  48.662  50.596  53.666  57.689  62.482  67.882  73.756  80.     86.533  93.295 100.24  107.331 114.543 121.852 129.244 136.704
134.104 126.491 118.929 111.427 104.     96.664  89.443  82.365  75.472  68.819  62.482  56.569  51.225  46.648  43.081  40.792  40.  40.  40.  40.  40.  40.792  43.081  46.648  51.225  56.569  62.482  68.819  75.472  82.365  89.443  96.664 104.    111.427 118.929 126.491 134.104
131.939 124.193 116.482 108.812 101.193  93.638  86.163  78.791  71.554  64.498  57.689  51.225  45.255  40.     35.777  32.985  32.  32.  32.  32.  32.  32.985  35.777  40.     45.255  51.225  57.689  64.498  71.554  78.791  86.163  93.638 101.193 108.812 116.482 124.193 131.939
130.231 122.376 114.543 106.733  98.955  91.214  83.522  75.895  68.352  60.926  53.666  46.648  40.     33.941  28.844  25.298  24.  24.  24.  24.  24.  25.298  28.844  33.941  40.     46.648  53.666  60.926  68.352  75.895  83.522  91.214  98.955 106.733 114.543 122.376 130.231
128.996 121.062 113.137 105.224  97.324  89.443  81.584  73.756  65.97   58.241  50.596  43.081  35.777  28.844  22.627  17.889  16.  16.  16.  16.  16.  17.889  22.627  28.844  35.777  43.081  50.596  58.241  65.97   73.756  81.584  89.443  97.324 105.224 113.137 121.062 128.996
128.25  120.266 112.285 104.307  96.333  88.363  80.399  72.443  64.498  56.569  48.662  40.792  32.985  25.298  17.889  11.314   8.   8.   8.   8.   8.  11.314  17.889  25.298  32.985  40.792  48.662  56.569  64.498  72.443  80.399  88.363  96.333 104.307 112.285 120.266 128.25
128.    120.    112.    104.     96.     88.     80.     72.     64.     56.     48.     40.     32.     24.     16.      8.      0.   0.   0.   0.   0.   8.     16.     24.     32.     40.     48.     56.     64.     72.     80.     88.     96.    104.    112.    120.    128.
128.    120.    112.    104.     96.     88.     80.     72.     64.     56.     48.     40.     32.     24.     16.      8.      0.   0.   0.   0.   0.   8.     16.     24.     32.     40.     48.     56.     64.     72.     80.     88.     96.    104.    112.    120.    128.
128.    120.    112.    104.     96.     88.     80.     72.     64.     56.     48.     40.     32.     24.     16.      8.      0.   0.   0.   0.   0.   8.     16.     24.     32.     40.     48.     56.     64.     72.     80.     88.     96.    104.    112.    120.    128.
128.    120.    112.    104.     96.     88.     80.     72.     64.     56.     48.     40.     32.     24.     16.      8.      0.   0.   0.   0.   0.   8.     16.     24.     32.     40.     48.     56.     64.     72.     80.     88.     96.    104.    112.    120.    128.
128.    120.    112.    104.     96.     88.     80.     72.     64.     56.     48.     40.     32.     24.     16.      8.      0.   0.   0.   0.   0.   8.     16.     24.     32.     40.     48.     56.     64.     72.     80.     88.     96.    104.    112.    120.    128.
128.25  120.266 112.285 104.307  96.333  88.363  80.399  72.443  64.498  56.569  48.662  40.792  32.985  25.298  17.889  11.314   8.   8.   8.   8.   8.  11.314  17.889  25.298  32.985  40.792  48.662  56.569  64.498  72.443  80.399  88.363  96.333 104.307 112.285 120.266 128.25
128.996 121.062 113.137 105.224  97.324  89.443  81.584  73.756  65.97   58.241  50.596  43.081  35.777  28.844  22.627  17.889  16.  16.  16.  16.  16.  17.889  22.627  28.844  35.777  43.081  50.596  58.241  65.97   73.756  81.584  89.443  97.324 105.224 113.137 121.062 128.996
130.231 122.376 114.543 106.733  98.955  91.214  83.522  75.895  68.352  60.926  53.666  46.648  40.     33.941  28.844  25.298  24.  24.  24.  24.  24.  25.298  28.844  33.941  40.     46.648  53.666  60.926  68.352  75.895  83.522  91.214  98.955 106.733 114.543 122.376 130.231
131.939 124.193 116.482 108.812 101.193  93.638  86.163  78.791  71.554  64.498  57.689  51.225  45.255  40.     35.777  32.985  32.  32.  32.  32.  32.  32.985  35.777  40.     45.255  51.225  57.689  64.498  71.554  78.791  86.163  93.638 101.193 108.812 116.482 124.193 131.939
134.104 126.491 118.929 111.427 104.     96.664  89.443  82.365  75.472  68.819  62.482  56.569  51.225  46.648  43.081  40.792  40.  40.  40.  40.  40.  40.792  43.081  46.648  51.225  56.569  62.482  68.819  75.472  82.365  89.443  96.664 104.    111.427 118.929 126.491 134.104
136.704 129.244 121.852 114.543 107.331 100.24   93.295  86.533  80.     73.756  67.882  62.482  57.689  53.666  50.596  48.662  48.  48.  48.  48.  48.  48.662  50.596  53.666  57.689  62.482  67.882  73.756  80.     86.533  93.295 100.24  107.331 114.543 121.852 129.244 136.704
139.714 132.424 125.22  118.119 111.14  104.307  97.652  91.214  85.041  79.196  73.756  68.819  64.498  60.926  58.241  56.569  56.  56.  56.  56.  56.  56.569  58.241  60.926  64.498  68.819  73.756  79.196  85.041  91.214  97.652 104.307 111.14  118.119 125.22  132.424 139.714
143.108 136.    128.996 122.115 115.378 108.812 102.45   96.333  90.51   85.041  80.     75.472  71.554  68.352  65.97   64.498  64.  64.  64.  64.  64.  64.498  65.97   68.352  71.554  75.472  80.     85.041  90.51   96.333 102.45  108.812 115.378 122.115 128.996 136.    143.108
146.86  139.943 133.147 126.491 120.    113.701 107.629 101.823  96.333  91.214  86.533  82.365  78.791  75.895  73.756  72.443  72.  72.  72.  72.  72.  72.443  73.756  75.895  78.791  82.365  86.533  91.214  96.333 101.823 107.629 113.701 120.    126.491 133.147 139.943 146.86
150.944 144.222 137.637 131.21  124.964 118.929 113.137 107.629 102.45   97.652  93.295  89.443  86.163  83.522  81.584  80.399  80.  80.  80.  80.  80.  80.399  81.584  83.522  86.163  89.443  93.295  97.652 102.45  107.629 113.137 118.929 124.964 131.21  137.637 144.222 150.944
155.332 148.809 142.436 136.235 130.231 124.451 118.929 113.701 108.812 104.307 100.24   96.664  93.638  91.214  89.443  88.363  88.  88.  88.  88.  88.  88.363  89.443  91.214  93.638  96.664 100.24  104.307 108.812 113.701 118.929 124.451 130.231 136.235 142.436 148.809 155.332
160.    153.675 147.513 141.534 135.765 130.231 124.964 120.    115.378 111.14  107.331 104.    101.193  98.955  97.324  96.333  96.  96.  96.  96.  96.  96.333  97.324  98.955 101.193 104.    107.331 111.14  115.378 120.    124.964 130.231 135.765 141.534 147.513 153.675 160.
164.924 158.795 152.84  147.078 141.534 136.235 131.21  126.491 122.115 118.119 114.543 111.427 108.812 106.733 105.224 104.307 104. 104. 104. 104. 104. 104.307 105.224 106.733 108.812 111.427 114.543 118.119 122.115 126.491 131.21  136.235 141.534 147.078 152.84  158.795 164.924
170.082 164.146 158.392 152.84  147.513 142.436 137.637 133.147 128.996 125.22  121.852 118.929 116.482 114.543 113.137 112.285 112. 112. 112. 112. 112. 112.285 113.137 114.543 116.482 118.929 121.852 125.22  128.996 133.147 137.637 142.436 147.513 152.84  158.392 164.146 170.082
175.454 169.706 164.146 158.795 153.675 148.809 144.222 139.943 136.    132.424 129.244 126.491 124.193 122.376 121.062 120.266 120. 120. 120. 120. 120. 120.266 121.062 122.376 124.193 126.491 129.244 132.424 136.    139.943 144.222 148.809 153.675 158.795 164.146 169.706 175.454
181.019 175.454 170.082 164.924 160.    155.332 150.944 146.86  143.108 139.714 136.704 134.104 131.939 130.231 128.996 128.25  128. 128. 128. 128. 128. 128.25  128.996 130.231 131.939 134.104 136.704 139.714 143.108 146.86  150.944 155.332 160.    164.924 170.082 175.454 181.019